set1_score: 0.333333333333
set2_score: 0.333333333333
set3_score: 0.333333333333
Duration: 1
